12.9600306 12.6418343 12.6616316 -0.9869651 -0.9943025 -0.9916500 -0.8914450 -0.8108792 -0.6395635 -0.9728529 -0.9914613 -0.9874695 -0.9881033 -0.9878517 -0.9914649 -0.9859172 -0.9890419 -0.9887226 -0.9970614 -0.9889539 -0.9900383 -0.9789696 -0.9845082 -0.8845015 -0.8905751 -0.8925592 -0.8897043 -0.9890303 -0.9946653 -0.9865975 -0.9587859 -0.9841785 -0.9877517 -0.9848765 -0.9882257 -0.9901423 -0.9899722 -0.9884998 -0.9893513 -0.9850712 -0.9908594 -0.9925047 -0.9466402 -0.9912037 -0.9921443 -0.9942896 -0.8051946 -0.8105749 -0.7921829 -0.7942504 -0.8162684 -0.8239113 -0.8137383 -0.8072603 -0.8128041 -0.7869215 -0.7920107 -0.8861598 -0.7633430 -0.7735301 -0.7754976 -0.7578007 -0.7682391 -0.7674174 -0.7725782 -0.7692877 -0.7636705 -0.7557844 -0.7668665 -0.7483883 -0.7794520 -0.7762133 -0.7803215 -0.7820018 -0.7901350 -0.7621965 -0.7650241 12.4033985 12.6024790 12.5970716 12.6426811 12.6225529 12.6224241 -0.9718574 -0.8183085 -0.9860763 -0.9834654 -0.7935895 12.2231922 -0.9815253 -0.9858918 -0.9909089 -0.7711219
12.6418343 12.9227724 12.6436834 -0.9851440 -0.9923863 -0.9896489 -0.8894418 -0.8106527 -0.6385975 -0.9706208 -0.9895380 -0.9856254 -0.9861589 -0.9862083 -0.9898970 -0.9840255 -0.9870688 -0.9867337 -0.9950567 -0.9868862 -0.9878480 -0.9770232 -0.9823737 -0.8839187 -0.8894845 -0.8909483 -0.8880959 -0.9870057 -0.9933102 -0.9845197 -0.9567547 -0.9822711 -0.9858977 -0.9831569 -0.9865007 -0.9884371 -0.9877546 -0.9864497 -0.9872707 -0.9831695 -0.9889870 -0.9905744 -0.9452632 -0.9893146 -0.9904144 -0.9924911 -0.8047839 -0.8096329 -0.7915991 -0.7932971 -0.8150639 -0.8229079 -0.8126948 -0.8063253 -0.8115979 -0.7851616 -0.7912267 -0.8844979 -0.7622796 -0.7728947 -0.7739349 -0.7563996 -0.7669441 -0.7664883 -0.7714916 -0.7680773 -0.7626480 -0.7546962 -0.7658290 -0.7484861 -0.7785109 -0.7751604 -0.7791814 -0.7806236 -0.7888590 -0.7614999 -0.7641603 12.3796473 12.5782700 12.5724707 12.6180563 12.5976076 12.5948210 -0.9699445 -0.8173093 -0.9836979 -0.9813394 -0.7922615 12.2003374 -0.9796516 -0.9837574 -0.9892580 -0.7702646
12.6616316 12.6436834 12.9543219 -0.9869512 -0.9946337 -0.9914704 -0.8914194 -0.8114201 -0.6398534 -0.9727557 -0.9909361 -0.9875631 -0.9879647 -0.9876425 -0.9915072 -0.9854763 -0.9891252 -0.9884924 -0.9964817 -0.9885986 -0.9899985 -0.9787205 -0.9840941 -0.8850334 -0.8914056 -0.8923151 -0.8897625 -0.9889296 -0.9950675 -0.9863886 -0.9585505 -0.9842125 -0.9877258 -0.9849484 -0.9887509 -0.9903505 -0.9898062 -0.9880406 -0.9891835 -0.9852376 -0.9906549 -0.9922420 -0.9463136 -0.9910401 -0.9918641 -0.9943563 -0.8049523 -0.8105443 -0.7921699 -0.7936364 -0.8162354 -0.8243392 -0.8136782 -0.8066962 -0.8125100 -0.7860138 -0.7925482 -0.8858420 -0.7623066 -0.7730541 -0.7749390 -0.7576216 -0.7677304 -0.7667743 -0.7717897 -0.7685894 -0.7630569 -0.7554744 -0.7666414 -0.7486397 -0.7788903 -0.7752897 -0.7800028 -0.7812148 -0.7898629 -0.7619399 -0.7646468 12.3966761 12.5954018 12.5907021 12.6363096 12.6161137 12.6142921 -0.9720436 -0.8183110 -0.9861122 -0.9831139 -0.7930874 12.2174006 -0.9815367 -0.9856916 -0.9907866 -0.7710314
-0.9869651 -0.9851440 -0.9869512 0.9293954 0.4549517 0.4189858 0.0096573 -0.1435098 0.0315975 0.3751295 0.4250506 0.4212354 0.4105744 0.4213748 0.4586403 0.3985682 0.3897093 0.3999057 0.4345704 0.3973069 0.4072856 0.3645496 0.3859691 0.0567534 0.0605479 0.0450080 0.0338282 0.4110507 0.4592834 0.4077798 0.3824979 0.3962682 0.3977515 0.3893779 0.4091151 0.4135870 0.4117702 0.4036255 0.4102256 0.3873202 0.4162541 0.4205040 0.2817113 0.4004606 0.4144515 0.4381862 -0.1651285 -0.1701961 -0.1586680 -0.1615324 -0.1535979 -0.1612351 -0.1567404 -0.1735543 -0.1735459 -0.1657486 -0.1647794 0.0017180 -0.1666111 -0.1658188 -0.1648714 -0.1646250 -0.1687752 -0.1711699 -0.1694976 -0.1662406 -0.1669871 -0.1639654 -0.1653680 -0.1593588 -0.1646979 -0.1652066 -0.1655279 -0.1705169 -0.1725445 -0.1715495 -0.1719792 -0.9705972 -0.9834247 -0.9834575 -0.9855378 -0.9841915 -0.9839908 0.3790175 0.0249144 0.4018050 0.3989708 -0.1707733 -0.9592917 0.3827530 0.3751838 0.4257342 -0.1612240
-0.9943025 -0.9923863 -0.9946337 0.4549517 0.9627475 0.4501899 0.0058948 -0.1530441 0.0303428 0.4018520 0.4579514 0.4558268 0.4261051 0.4346057 0.4783364 0.4296854 0.4170794 0.4289663 0.4686030 0.4238202 0.4382998 0.3880205 0.4123229 0.0603515 0.0676748 0.0438397 0.0326110 0.4398159 0.5054840 0.4420902 0.4082097 0.4194425 0.4214748 0.4134050 0.4393567 0.4475500 0.4406163 0.4330814 0.4423558 0.4131607 0.4501927 0.4548673 0.3115942 0.4309990 0.4490528 0.4732997 -0.1769563 -0.1842461 -0.1689757 -0.1714348 -0.1665216 -0.1755215 -0.1705341 -0.1881604 -0.1893208 -0.1770095 -0.1770396 -0.0047200 -0.1797320 -0.1806184 -0.1802156 -0.1780634 -0.1832296 -0.1875529 -0.1851687 -0.1806276 -0.1790110 -0.1747567 -0.1776527 -0.1704207 -0.1790623 -0.1807523 -0.1805295 -0.1881572 -0.1899849 -0.1872525 -0.1883508 -0.9785348 -0.9916481 -0.9907609 -0.9934524 -0.9920863 -0.9918200 0.4049217 0.0214994 0.4330542 0.4276967 -0.1890031 -0.9681177 0.4074047 0.3983067 0.4601797 -0.1722920
-0.9916500 -0.9896489 -0.9914704 0.4189858 0.4501899 0.9004939 0.0118155 -0.1397395 0.0320259 0.3732834 0.4201759 0.4172317 0.3938749 0.4014192 0.4341245 0.3965087 0.3869033 0.3977371 0.4302121 0.3931662 0.4030354 0.3598874 0.3833401 0.0563771 0.0616491 0.0444104 0.0359063 0.4047238 0.4527406 0.4056590 0.3785634 0.3896989 0.3918871 0.3841145 0.4033697 0.4101949 0.4073143 0.4002362 0.4063552 0.3831956 0.4112927 0.4170408 0.2810161 0.3971172 0.4115472 0.4327677 -0.1619781 -0.1661130 -0.1568497 -0.1586708 -0.1489710 -0.1564743 -0.1522932 -0.1687595 -0.1689781 -0.1626459 -0.1607394 0.0042316 -0.1626315 -0.1622455 -0.1611523 -0.1607249 -0.1641768 -0.1670504 -0.1659119 -0.1621733 -0.1617441 -0.1596367 -0.1618847 -0.1563434 -0.1608802 -0.1607781 -0.1621341 -0.1664844 -0.1678664 -0.1665218 -0.1675284 -0.9753273 -0.9881516 -0.9878373 -0.9903753 -0.9885014 -0.9886004 0.3750671 0.0251312 0.3960059 0.3945466 -0.1660835 -0.9635178 0.3786516 0.3716897 0.4204753 -0.1559800
-0.8914450 -0.8894418 -0.8914194 0.0096573 0.0058948 0.0118155 0.7587483 0.0924766 0.0773348 0.0188396 0.0100880 0.0117204 0.0159090 0.0159753 0.0071647 0.0147138 0.0173406 0.0148450 0.0106361 0.0157543 0.0128417 0.0216146 0.0175941 0.1424451 0.1585579 0.1364748 0.1400719 0.0145184 0.0064763 0.0143867 0.0163863 0.0163971 0.0166949 0.0163791 0.0135794 0.0132083 0.0134309 0.0143531 0.0132709 0.0171275 0.0127265 0.0103356 0.0826266 0.0147270 0.0116035 0.0087646 0.0863558 0.0869407 0.0820402 0.0836199 0.0919123 0.0911803 0.0897494 0.0799077 0.0811074 0.0752621 0.0749793 0.1218292 0.0766613 0.0787818 0.0791425 0.0752555 0.0767636 0.0799140 0.0789210 0.0775263 0.0772085 0.0751817 0.0768362 0.0724866 0.0801247 0.0779768 0.0798010 0.0818112 0.0854999 0.0783369 0.0778429 -0.8731765 -0.8866330 -0.8866407 -0.8902398 -0.8888988 -0.8880075 0.0187796 0.0939258 0.0153653 0.0144609 0.0863941 -0.8605720 0.0195362 0.0199646 0.0110974 0.0783462
-0.8108792 -0.8106527 -0.8114201 -0.1435098 -0.1530441 -0.1397395 0.0924766 0.9915683 0.0427571 -0.1234687 -0.1423695 -0.1424770 -0.1326784 -0.1361106 -0.1497737 -0.1319190 -0.1273288 -0.1343061 -0.1460943 -0.1317824 -0.1363027 -0.1161763 -0.1262768 0.0676150 0.0710266 0.0749423 0.0794636 -0.1366758 -0.1550319 -0.1381451 -0.1294732 -0.1311118 -0.1321250 -0.1277794 -0.1361218 -0.1399173 -0.1364183 -0.1356997 -0.1382484 -0.1275387 -0.1402094 -0.1413748 -0.0554553 -0.1334558 -0.1388523 -0.1469368 0.1900406 0.1918913 0.1871350 0.1897575 0.3303182 0.3134852 0.3245375 0.2280189 0.2297118 0.2374680 0.2376105 0.0912352 0.1826001 0.1815437 0.1824236 0.1812071 0.1798663 0.1837596 0.1819146 0.1816766 0.1831570 0.1795231 0.1827974 0.1801659 0.1855144 0.1844807 0.1856691 0.1859364 0.1878390 0.1839275 0.1809712 -0.7935527 -0.8069028 -0.8073072 -0.8096249 -0.8088421 -0.8088915 -0.1250711 0.0690093 -0.1336883 -0.1335629 0.1871035 -0.7828526 -0.1256239 -0.1218016 -0.1430257 0.1851906
-0.6395635 -0.6385975 -0.6398534 0.0315975 0.0303428 0.0320259 0.0773348 0.0427571 0.8408681 0.0343621 0.0323531 0.0320661 0.0319464 0.0316461 0.0298206 0.0323515 0.0341672 0.0341700 0.0323114 0.0330437 0.0309247 0.0338336 0.0340344 0.0913890 0.0845749 0.0779592 0.0808676 0.0334360 0.0290099 0.0329929 0.0330101 0.0339425 0.0338448 0.0336292 0.0325927 0.0321671 0.0318059 0.0334579 0.0323209 0.0345677 0.0328528 0.0321438 0.0592136 0.0313146 0.0332821 0.0323791 0.0428762 0.0435791 0.0415477 0.0439202 0.0437621 0.0426854 0.0430225 0.0408903 0.0423030 0.0402744 0.0403768 0.0698381 0.0367473 0.0372038 0.0375942 0.0362906 0.0356228 0.0399330 0.0368612 0.0380993 0.0376522 0.0357354 0.0354254 0.0341168 0.0402857 0.0382918 0.0389814 0.0405046 0.0424031 0.0374696 0.0372983 -0.6275134 -0.6362147 -0.6363204 -0.6385120 -0.6377461 -0.6372679 0.0346750 0.1085403 0.0352145 0.0321733 0.0427469 -0.6181797 0.0351026 0.0348776 0.0311580 0.0379034
-0.9728529 -0.9706208 -0.9727557 0.3751295 0.4018520 0.3732834 0.0188396 -0.1234687 0.0343621 0.8115666 0.3787924 0.3764063 0.3581629 0.3632732 0.3907834 0.3588886 0.3517053 0.3603341 0.3848663 0.3555735 0.3651182 0.3291045 0.3458948 0.0577898 0.0608678 0.0469530 0.0376639 0.3669648 0.4063721 0.3662334 0.3451926 0.3539650 0.3546771 0.3500532 0.3655332 0.3709204 0.3673183 0.3622177 0.3676136 0.3490643 0.3734529 0.3752846 0.2518573 0.3619250 0.3726585 0.3885119 -0.1410393 -0.1441271 -0.1398954 -0.1412677 -0.1311149 -0.1362965 -0.1331934 -0.1473669 -0.1485608 -0.1459089 -0.1449898 0.0120277 -0.1417601 -0.1404103 -0.1391358 -0.1412604 -0.1436836 -0.1441954 -0.1442211 -0.1403174 -0.1416582 -0.1395985 -0.1400463 -0.1368182 -0.1391512 -0.1393949 -0.1401366 -0.1435537 -0.1426755 -0.1450627 -0.1458839 -0.9563448 -0.9696444 -0.9689944 -0.9715473 -0.9697812 -0.9693817 0.3409721 0.0303044 0.3584159 0.3577248 -0.1410043 -0.9444919 0.3453674 0.3388813 0.3795998 -0.1364132
-0.9914613 -0.9895380 -0.9909361 0.4250506 0.4579514 0.4201759 0.0100880 -0.1423695 0.0323531 0.3787924 0.9284626 0.4261837 0.3996839 0.4075929 0.4408071 0.4019266 0.3913806 0.4046691 0.4364952 0.4005926 0.4091212 0.3648571 0.3871013 0.0576937 0.0615095 0.0433368 0.0327059 0.4137668 0.4659089 0.4142102 0.3852396 0.3956594 0.3998964 0.3894414 0.4102849 0.4217800 0.4136656 0.4079691 0.4140066 0.3888220 0.4208126 0.4247793 0.2855563 0.4062214 0.4205367 0.4403251 -0.1651915 -0.1709869 -0.1595709 -0.1619630 -0.1527364 -0.1608393 -0.1564218 -0.1738266 -0.1737044 -0.1657282 -0.1649974 0.0012774 -0.1660023 -0.1661107 -0.1649870 -0.1653456 -0.1694482 -0.1713608 -0.1700712 -0.1654153 -0.1665265 -0.1643785 -0.1660247 -0.1603233 -0.1646864 -0.1659820 -0.1667934 -0.1716722 -0.1727687 -0.1719974 -0.1725504 -0.9751803 -0.9878663 -0.9874889 -0.9901349 -0.9887946 -0.9885159 0.3823287 0.0242305 0.4021696 0.4000554 -0.1710343 -0.9637488 0.3853816 0.3784655 0.4284008 -0.1598792
-0.9874695 -0.9856254 -0.9875631 0.4212354 0.4558268 0.4172317 0.0117204 -0.1424770 0.0320661 0.3764063 0.4261837 0.9176930 0.3955634 0.4055268 0.4402096 0.3989484 0.3905658 0.3987139 0.4323138 0.3942579 0.4087748 0.3639528 0.3843708 0.0596601 0.0629639 0.0445490 0.0347190 0.4088119 0.4596698 0.4111457 0.3829023 0.3937860 0.3963301 0.3870395 0.4079593 0.4138908 0.4094542 0.4012730 0.4114787 0.3861202 0.4168441 0.4212841 0.2823317 0.4028906 0.4145882 0.4356081 -0.1634685 -0.1685744 -0.1579594 -0.1594710 -0.1537184 -0.1605684 -0.1561548 -0.1719921 -0.1727463 -0.1653228 -0.1654372 0.0035615 -0.1649259 -0.1643692 -0.1637345 -0.1656582 -0.1678452 -0.1706518 -0.1689404 -0.1643081 -0.1653561 -0.1630279 -0.1645164 -0.1594921 -0.1633625 -0.1643437 -0.1652591 -0.1702964 -0.1710462 -0.1720139 -0.1720049 -0.9716120 -0.9845318 -0.9839625 -0.9867004 -0.9849988 -0.9846530 0.3786407 0.0263795 0.3991061 0.3980475 -0.1693630 -0.9602661 0.3813283 0.3718309 0.4266265 -0.1596170
-0.9881033 -0.9861589 -0.9879647 0.4105744 0.4261051 0.3938749 0.0159090 -0.1326784 0.0319464 0.3581629 0.3996839 0.3955634 0.8591041 0.3974528 0.4298151 0.3780751 0.3711497 0.3800999 0.4069345 0.3763878 0.3861618 0.3468060 0.3672241 0.0561394 0.0594856 0.0447254 0.0344329 0.3876094 0.4310622 0.3877480 0.3626397 0.3754114 0.3748036 0.3697934 0.3859403 0.3906662 0.3884736 0.3824128 0.3877507 0.3684549 0.3937138 0.3949329 0.2635984 0.3812098 0.3910146 0.4101876 -0.1531936 -0.1559460 -0.1488597 -0.1506625 -0.1411801 -0.1465593 -0.1437788 -0.1602471 -0.1604125 -0.1558511 -0.1553672 0.0079069 -0.1526865 -0.1515053 -0.1505715 -0.1518316 -0.1545724 -0.1554611 -0.1559007 -0.1517494 -0.1531319 -0.1507467 -0.1509135 -0.1476855 -0.1511472 -0.1510784 -0.1518701 -0.1561856 -0.1561546 -0.1558191 -0.1571520 -0.9714262 -0.9844216 -0.9842207 -0.9869083 -0.9853145 -0.9847672 0.3598671 0.0272305 0.3791662 0.3792555 -0.1540328 -0.9596089 0.3646093 0.3570035 0.4016330 -0.1475976
-0.9878517 -0.9862083 -0.9876425 0.4213748 0.4346057 0.4014192 0.0159753 -0.1361106 0.0316461 0.3632732 0.4075929 0.4055268 0.3974528 0.8752093 0.4399905 0.3850771 0.3776349 0.3876250 0.4154096 0.3818309 0.3924275 0.3515554 0.3729745 0.0588657 0.0617759 0.0457238 0.0366898 0.3941731 0.4402808 0.3931224 0.3682713 0.3802445 0.3820941 0.3766806 0.3926219 0.4000006 0.3947748 0.3899118 0.3962458 0.3746440 0.4020359 0.4030378 0.2712918 0.3885665 0.3994190 0.4188534 -0.1571102 -0.1607028 -0.1513176 -0.1531070 -0.1453890 -0.1515863 -0.1485656 -0.1642594 -0.1649006 -0.1592565 -0.1585797 0.0062896 -0.1574637 -0.1568120 -0.1558913 -0.1568962 -0.1600667 -0.1613560 -0.1600253 -0.1569451 -0.1570705 -0.1552549 -0.1562066 -0.1520632 -0.1554914 -0.1557783 -0.1561792 -0.1611888 -0.1614142 -0.1620347 -0.1632187 -0.9713262 -0.9844172 -0.9842309 -0.9870028 -0.9854900 -0.9847898 0.3665783 0.0275450 0.3858852 0.3842766 -0.1592093 -0.9596210 0.3693870 0.3612142 0.4087918 -0.1518095
-0.9914649 -0.9898970 -0.9915072 0.4586403 0.4783364 0.4341245 0.0071647 -0.1497737 0.0298206 0.3907834 0.4408071 0.4402096 0.4298151 0.4399905 0.9820165 0.4138116 0.4065112 0.4163634 0.4528783 0.4127410 0.4240113 0.3761084 0.3988930 0.0603201 0.0631136 0.0449199 0.0340169 0.4256059 0.4785526 0.4257719 0.3957931 0.4093654 0.4115879 0.4041374 0.4236659 0.4313638 0.4233981 0.4192238 0.4262760 0.4023101 0.4333138 0.4366539 0.2956034 0.4155973 0.4291966 0.4584200 -0.1736462 -0.1793161 -0.1673248 -0.1701687 -0.1615182 -0.1696989 -0.1638692 -0.1834449 -0.1835889 -0.1737271 -0.1742273 -0.0020965 -0.1758091 -0.1756013 -0.1747294 -0.1744294 -0.1779297 -0.1815245 -0.1796928 -0.1756257 -0.1747185 -0.1722449 -0.1735980 -0.1682465 -0.1744108 -0.1747011 -0.1756336 -0.1812153 -0.1834848 -0.1807957 -0.1829708 -0.9751920 -0.9881120 -0.9877703 -0.9898555 -0.9885262 -0.9888298 0.3921641 0.0229243 0.4176035 0.4153864 -0.1814328 -0.9642798 0.3973354 0.3886229 0.4461372 -0.1692547
-0.9859172 -0.9840255 -0.9854763 0.3985682 0.4296854 0.3965087 0.0147138 -0.1319190 0.0323515 0.3588886 0.4019266 0.3989484 0.3780751 0.3850771 0.4138116 0.8534055 0.3717445 0.3814025 0.4081058 0.3759630 0.3868769 0.3481151 0.3658060 0.0561770 0.0612186 0.0448126 0.0353228 0.3873970 0.4314671 0.3874800 0.3637038 0.3730915 0.3746491 0.3691463 0.3861441 0.3945732 0.3882171 0.3824359 0.3895484 0.3666021 0.3954898 0.3968256 0.2645813 0.3800420 0.3921276 0.4121656 -0.1518272 -0.1555650 -0.1488800 -0.1502870 -0.1412366 -0.1470783 -0.1441882 -0.1579568 -0.1597014 -0.1550398 -0.1539781 0.0077686 -0.1524847 -0.1519825 -0.1506699 -0.1525317 -0.1544830 -0.1563800 -0.1553193 -0.1513349 -0.1520094 -0.1503087 -0.1516482 -0.1475776 -0.1498805 -0.1505636 -0.1516867 -0.1563648 -0.1559273 -0.1564625 -0.1579675 -0.9693987 -0.9825918 -0.9820855 -0.9847625 -0.9830957 -0.9827148 0.3601161 0.0268012 0.3803336 0.3788849 -0.1537574 -0.9576579 0.3629401 0.3573453 0.4013789 -0.1466778
-0.9890419 -0.9870688 -0.9891252 0.3897093 0.4170794 0.3869033 0.0173406 -0.1273288 0.0341672 0.3517053 0.3913806 0.3905658 0.3711497 0.3776349 0.4065112 0.3717445 0.8342617 0.3737195 0.4024453 0.3692565 0.3789805 0.3410693 0.3588302 0.0575516 0.0594326 0.0458822 0.0366353 0.3803526 0.4211853 0.3794540 0.3557484 0.3665099 0.3683551 0.3617348 0.3784449 0.3856728 0.3803044 0.3737458 0.3805798 0.3609210 0.3855482 0.3882354 0.2596931 0.3743370 0.3839681 0.4029082 -0.1458784 -0.1502959 -0.1440211 -0.1455858 -0.1364745 -0.1417560 -0.1392586 -0.1531363 -0.1546246 -0.1509939 -0.1499237 0.0097765 -0.1481535 -0.1460582 -0.1453735 -0.1470771 -0.1491790 -0.1504738 -0.1494058 -0.1459589 -0.1470567 -0.1454267 -0.1464404 -0.1432253 -0.1451672 -0.1462433 -0.1464008 -0.1499667 -0.1498675 -0.1514851 -0.1520110 -0.9723307 -0.9857262 -0.9854270 -0.9879297 -0.9859741 -0.9858304 0.3525511 0.0299167 0.3719924 0.3687515 -0.1481016 -0.9602216 0.3559825 0.3496894 0.3926530 -0.1419618
-0.9887226 -0.9867337 -0.9884924 0.3999057 0.4289663 0.3977371 0.0148450 -0.1343061 0.0341700 0.3603341 0.4046691 0.3987139 0.3800999 0.3876250 0.4163634 0.3814025 0.3737195 0.8574968 0.4128051 0.3797784 0.3880138 0.3485420 0.3681291 0.0563602 0.0619901 0.0451636 0.0365162 0.3927513 0.4342125 0.3891549 0.3648540 0.3763315 0.3773448 0.3709074 0.3881563 0.3953020 0.3897081 0.3835845 0.3905268 0.3708914 0.3962975 0.3988295 0.2681642 0.3838061 0.3961470 0.4139259 -0.1524708 -0.1567974 -0.1495522 -0.1516005 -0.1428179 -0.1490676 -0.1452408 -0.1598867 -0.1610167 -0.1559795 -0.1547523 0.0075718 -0.1534658 -0.1535287 -0.1522165 -0.1524742 -0.1563105 -0.1565785 -0.1566650 -0.1530665 -0.1542470 -0.1515863 -0.1532082 -0.1484352 -0.1516695 -0.1517489 -0.1526166 -0.1568762 -0.1572545 -0.1569090 -0.1576638 -0.9721712 -0.9854340 -0.9848779 -0.9875259 -0.9859855 -0.9855953 0.3634344 0.0280626 0.3807120 0.3801215 -0.1550274 -0.9602607 0.3662552 0.3586534 0.4032331 -0.1482325
-0.9970614 -0.9950567 -0.9964817 0.4345704 0.4686030 0.4302121 0.0106361 -0.1460943 0.0323114 0.3848663 0.4364952 0.4323138 0.4069345 0.4154096 0.4528783 0.4081058 0.4024453 0.4128051 0.9465167 0.4093742 0.4171137 0.3710981 0.3938773 0.0594898 0.0639338 0.0444251 0.0332532 0.4192464 0.4725813 0.4194239 0.3914099 0.4037626 0.4050218 0.3939570 0.4185122 0.4255314 0.4168297 0.4126007 0.4196886 0.3939112 0.4276487 0.4291616 0.2904553 0.4110961 0.4259189 0.4475730 -0.1679838 -0.1737464 -0.1618959 -0.1637942 -0.1566838 -0.1648843 -0.1604040 -0.1774252 -0.1779731 -0.1689766 -0.1687458 0.0011830 -0.1696635 -0.1698691 -0.1690848 -0.1682910 -0.1725883 -0.1757130 -0.1736378 -0.1692359 -0.1692581 -0.1667797 -0.1690175 -0.1632623 -0.1682906 -0.1678692 -0.1700435 -0.1751544 -0.1770436 -0.1759779 -0.1761023 -0.9806355 -0.9929878 -0.9931722 -0.9957849 -0.9940957 -0.9938940 0.3865846 0.0239020 0.4107052 0.4082685 -0.1749554 -0.9691607 0.3919137 0.3820298 0.4368295 -0.1640669
-0.9889539 -0.9868862 -0.9885986 0.3973069 0.4238202 0.3931662 0.0157543 -0.1317824 0.0330437 0.3555735 0.4005926 0.3942579 0.3763878 0.3818309 0.4127410 0.3759630 0.3692565 0.3797784 0.4093742 0.8346021 0.3840188 0.3453293 0.3640039 0.0564663 0.0606948 0.0450865 0.0355727 0.3865799 0.4307887 0.3859543 0.3614648 0.3723712 0.3737415 0.3670539 0.3836532 0.3907106 0.3864916 0.3803430 0.3868153 0.3668438 0.3916495 0.3943987 0.2636906 0.3801384 0.3905205 0.4094202 -0.1506022 -0.1546012 -0.1469008 -0.1487991 -0.1405641 -0.1461889 -0.1433532 -0.1577027 -0.1584846 -0.1548077 -0.1526843 0.0080658 -0.1503817 -0.1496875 -0.1489544 -0.1503641 -0.1531991 -0.1537193 -0.1537952 -0.1502617 -0.1512520 -0.1495898 -0.1506529 -0.1463372 -0.1491071 -0.1490487 -0.1495376 -0.1539634 -0.1536114 -0.1546886 -0.1554080 -0.9719848 -0.9853563 -0.9847612 -0.9874831 -0.9859380 -0.9856492 0.3585998 0.0288209 0.3781685 0.3766809 -0.1514352 -0.9600529 0.3616810 0.3555186 0.3994713 -0.1454602
-0.9900383 -0.9878480 -0.9899985 0.4072856 0.4382998 0.4030354 0.0128417 -0.1363027 0.0309247 0.3651182 0.4091212 0.4087748 0.3861618 0.3924275 0.4240113 0.3868769 0.3789805 0.3880138 0.4171137 0.3840188 0.8747514 0.3544639 0.3753290 0.0560134 0.0602323 0.0442089 0.0337309 0.3939849 0.4422699 0.3960103 0.3707410 0.3798692 0.3818872 0.3747967 0.3958275 0.4012885 0.3963017 0.3894973 0.3975749 0.3755372 0.4022798 0.4052140 0.2700242 0.3883866 0.4009188 0.4223568 -0.1559896 -0.1602207 -0.1519656 -0.1538206 -0.1460024 -0.1530052 -0.1487267 -0.1637853 -0.1642755 -0.1587188 -0.1572968 0.0065083 -0.1569226 -0.1555640 -0.1550168 -0.1561965 -0.1591031 -0.1605093 -0.1592224 -0.1557599 -0.1564118 -0.1543695 -0.1552294 -0.1515524 -0.1543252 -0.1557556 -0.1562466 -0.1606070 -0.1605395 -0.1616994 -0.1627059 -0.9734273 -0.9866942 -0.9858784 -0.9888740 -0.9870724 -0.9869627 0.3663550 0.0252327 0.3864104 0.3860784 -0.1589173 -0.9617687 0.3719751 0.3638905 0.4113606 -0.1510623
-0.9789696 -0.9770232 -0.9787205 0.3645496 0.3880205 0.3598874 0.0216146 -0.1161763 0.0338336 0.3291045 0.3648571 0.3639528 0.3468060 0.3515554 0.3761084 0.3481151 0.3410693 0.3485420 0.3710981 0.3453293 0.3544639 0.7908659 0.3380155 0.0582874 0.0608720 0.0487423 0.0393268 0.3563386 0.3918617 0.3540208 0.3348441 0.3439662 0.3436811 0.3387195 0.3530499 0.3591694 0.3552867 0.3507861 0.3567839 0.3377971 0.3596993 0.3632769 0.2425492 0.3496673 0.3585964 0.3737482 -0.1328000 -0.1356572 -0.1314735 -0.1326331 -0.1231433 -0.1275936 -0.1257248 -0.1377833 -0.1396419 -0.1372895 -0.1357315 0.0155523 -0.1339542 -0.1317640 -0.1309677 -0.1336444 -0.1348823 -0.1357557 -0.1355765 -0.1327036 -0.1340374 -0.1322445 -0.1329669 -0.1303120 -0.1310953 -0.1313369 -0.1317414 -0.1351712 -0.1334907 -0.1369826 -0.1371917 -0.9621526 -0.9756334 -0.9750803 -0.9775491 -0.9761952 -0.9755956 0.3318299 0.0311309 0.3474264 0.3492232 -0.1318350 -0.9499053 0.3346001 0.3285903 0.3670153 -0.1289286
-0.9845082 -0.9823737 -0.9840941 0.3859691 0.4123229 0.3833401 0.0175941 -0.1262768 0.0340344 0.3458948 0.3871013 0.3843708 0.3672241 0.3729745 0.3988930 0.3658060 0.3588302 0.3681291 0.3938773 0.3640039 0.3753290 0.3380155 0.8233243 0.0567833 0.0613933 0.0467226 0.0383427 0.3747104 0.4178252 0.3746563 0.3512436 0.3623039 0.3636803 0.3562879 0.3735913 0.3802614 0.3758895 0.3703630 0.3772202 0.3574079 0.3801155 0.3848043 0.2566245 0.3698288 0.3815484 0.3979134 -0.1452415 -0.1484045 -0.1418438 -0.1430567 -0.1340358 -0.1387914 -0.1368365 -0.1516357 -0.1515261 -0.1480424 -0.1471368 0.0106756 -0.1453681 -0.1435128 -0.1429251 -0.1447072 -0.1474103 -0.1475280 -0.1480757 -0.1448093 -0.1455496 -0.1444907 -0.1447774 -0.1405507 -0.1434660 -0.1437568 -0.1443659 -0.1481660 -0.1472392 -0.1491798 -0.1495691 -0.9677155 -0.9807678 -0.9804887 -0.9830788 -0.9814711 -0.9810420 0.3478528 0.0311554 0.3672839 0.3666051 -0.1456858 -0.9557558 0.3532288 0.3468025 0.3885003 -0.1407918
-0.8845015 -0.8839187 -0.8850334 0.0567534 0.0603515 0.0563771 0.1424451 0.0676150 0.0913890 0.0577898 0.0576937 0.0596601 0.0561394 0.0588657 0.0603201 0.0561770 0.0575516 0.0563602 0.0594898 0.0564663 0.0560134 0.0582874 0.0567833 0.8769847 0.2280769 0.1886617 0.1905732 0.0576892 0.0599281 0.0566837 0.0559432 0.0560599 0.0573695 0.0570215 0.0574015 0.0569934 0.0572577 0.0567207 0.0569856 0.0554305 0.0591131 0.0567810 0.1227051 0.0565238 0.0572914 0.0569625 0.0521582 0.0508553 0.0536915 0.0528275 0.0610706 0.0566348 0.0579739 0.0443906 0.0445234 0.0472291 0.0477613 0.1462708 0.0436969 0.0432041 0.0432874 0.0402455 0.0387924 0.0421615 0.0409358 0.0411617 0.0403040 0.0396737 0.0415359 0.0415740 0.0452737 0.0420559 0.0423407 0.0431190 0.0453115 0.0404868 0.0379271 -0.8673766 -0.8817597 -0.8806245 -0.8832704 -0.8825442 -0.8825055 0.0576624 0.1013302 0.0566295 0.0570169 0.0459234 -0.8561918 0.0569653 0.0557809 0.0582733 0.0442759
-0.8905751 -0.8894845 -0.8914056 0.0605479 0.0676748 0.0616491 0.1585579 0.0710266 0.0845749 0.0608678 0.0615095 0.0629639 0.0594856 0.0617759 0.0631136 0.0612186 0.0594326 0.0619901 0.0639338 0.0606948 0.0602323 0.0608720 0.0613933 0.2280769 0.9157288 0.2070597 0.2016416 0.0630062 0.0696443 0.0627572 0.0584416 0.0613370 0.0618609 0.0614450 0.0618804 0.0625858 0.0621839 0.0607873 0.0614102 0.0606378 0.0643999 0.0613612 0.1348690 0.0608071 0.0623179 0.0641997 0.0520444 0.0478870 0.0514623 0.0508361 0.0629168 0.0548288 0.0598718 0.0412892 0.0418444 0.0459694 0.0431437 0.1561985 0.0383625 0.0382211 0.0386196 0.0387764 0.0351191 0.0373545 0.0374681 0.0367475 0.0381577 0.0375882 0.0384979 0.0371494 0.0409195 0.0395814 0.0390495 0.0396034 0.0410545 0.0356319 0.0349888 -0.8733858 -0.8873492 -0.8861052 -0.8896812 -0.8885576 -0.8882528 0.0617667 0.0976919 0.0616000 0.0610611 0.0420598 -0.8626840 0.0610720 0.0599776 0.0631977 0.0430736
-0.8925592 -0.8909483 -0.8923151 0.0450080 0.0438397 0.0444104 0.1364748 0.0749423 0.0779592 0.0469530 0.0433368 0.0445490 0.0447254 0.0457238 0.0449199 0.0448126 0.0458822 0.0451636 0.0444251 0.0450865 0.0442089 0.0487423 0.0467226 0.1886617 0.2070597 0.8063627 0.1715477 0.0451513 0.0440862 0.0450964 0.0444465 0.0441132 0.0463536 0.0451271 0.0449939 0.0449060 0.0445624 0.0452187 0.0448803 0.0462258 0.0456660 0.0429288 0.1036691 0.0445672 0.0439517 0.0444761 0.0615662 0.0600515 0.0607503 0.0605589 0.0693811 0.0668670 0.0661171 0.0551800 0.0565364 0.0557890 0.0542273 0.1372997 0.0547253 0.0550782 0.0549649 0.0522599 0.0495007 0.0546389 0.0534520 0.0539510 0.0533672 0.0522272 0.0526285 0.0518590 0.0569695 0.0540764 0.0556440 0.0570733 0.0591234 0.0517648 0.0520924 -0.8748475 -0.8890076 -0.8880669 -0.8912287 -0.8902456 -0.8896095 0.0466188 0.0905779 0.0449021 0.0463806 0.0596178 -0.8629681 0.0470285 0.0468843 0.0446908 0.0563956
-0.8897043 -0.8880959 -0.8897625 0.0338282 0.0326110 0.0359063 0.1400719 0.0794636 0.0808676 0.0376639 0.0327059 0.0347190 0.0344329 0.0366898 0.0340169 0.0353228 0.0366353 0.0365162 0.0332532 0.0355727 0.0337309 0.0393268 0.0383427 0.1905732 0.2016416 0.1715477 0.8199601 0.0362478 0.0318231 0.0346349 0.0355641 0.0349515 0.0365078 0.0356908 0.0353176 0.0354909 0.0357036 0.0356550 0.0356232 0.0370520 0.0347149 0.0337319 0.0996545 0.0356041 0.0346252 0.0329198 0.0676752 0.0682927 0.0679774 0.0682213 0.0796674 0.0739332 0.0736035 0.0614505 0.0624903 0.0615249 0.0605146 0.1409155 0.0591112 0.0599877 0.0608889 0.0578076 0.0585363 0.0605694 0.0593864 0.0594399 0.0575115 0.0578547 0.0575834 0.0561984 0.0626151 0.0590957 0.0613801 0.0620792 0.0645955 0.0581318 0.0579476 -0.8718791 -0.8859080 -0.8855461 -0.8884094 -0.8875198 -0.8871709 0.0379394 0.0949792 0.0361013 0.0351730 0.0651220 -0.8600785 0.0382744 0.0374167 0.0346814 0.0603154
-0.9890303 -0.9870057 -0.9889296 0.4110507 0.4398159 0.4047238 0.0145184 -0.1366758 0.0334360 0.3669648 0.4137668 0.4088119 0.3876094 0.3941731 0.4256059 0.3873970 0.3803526 0.3927513 0.4192464 0.3865799 0.3939849 0.3563386 0.3747104 0.0576892 0.0630062 0.0451513 0.0362478 0.8766198 0.4466074 0.3978022 0.3731475 0.3825658 0.3854683 0.3795080 0.3958817 0.4032863 0.3972096 0.3923254 0.4001065 0.3781630 0.4053590 0.4083269 0.2746596 0.3910890 0.4053777 0.4246763 -0.1579954 -0.1624857 -0.1539852 -0.1553808 -0.1458495 -0.1524321 -0.1490861 -0.1651073 -0.1664583 -0.1612538 -0.1592713 0.0055417 -0.1584477 -0.1576138 -0.1571805 -0.1578870 -0.1617163 -0.1625725 -0.1623250 -0.1579074 -0.1591679 -0.1566405 -0.1581121 -0.1529382 -0.1575152 -0.1574628 -0.1583045 -0.1625757 -0.1629193 -0.1630682 -0.1638853 -0.9724044 -0.9855282 -0.9851729 -0.9877300 -0.9862707 -0.9858200 0.3704102 0.0274677 0.3889019 0.3881363 -0.1609227 -0.9607766 0.3731793 0.3649409 0.4127851 -0.1528593
-0.9946653 -0.9933102 -0.9950675 0.4592834 0.5054840 0.4527406 0.0064763 -0.1550319 0.0290099 0.4063721 0.4659089 0.4596698 0.4310622 0.4402808 0.4785526 0.4314671 0.4211853 0.4342125 0.4725813 0.4307887 0.4422699 0.3918617 0.4178252 0.0599281 0.0696443 0.0440862 0.0318231 0.4466074 1.0455118 0.4477127 0.4135185 0.4271214 0.4264564 0.4201069 0.4422546 0.4547975 0.4471330 0.4375788 0.4486260 0.4183294 0.4559484 0.4580109 0.3145751 0.4393935 0.4560833 0.4777892 -0.1814916 -0.1888670 -0.1722177 -0.1752782 -0.1707146 -0.1788767 -0.1738155 -0.1936582 -0.1937353 -0.1813033 -0.1827112 -0.0056565 -0.1853148 -0.1858465 -0.1848951 -0.1832268 -0.1891603 -0.1919327 -0.1908559 -0.1854403 -0.1845368 -0.1817658 -0.1837988 -0.1750569 -0.1845456 -0.1851980 -0.1869515 -0.1928023 -0.1957133 -0.1913451 -0.1935552 -0.9791716 -0.9919949 -0.9915817 -0.9939821 -0.9926828 -0.9923503 0.4094909 0.0208356 0.4333202 0.4319291 -0.1941882 -0.9686493 0.4146414 0.4048491 0.4661242 -0.1786630
-0.9865975 -0.9845197 -0.9863886 0.4077798 0.4420902 0.4056590 0.0143867 -0.1381451 0.0329929 0.3662334 0.4142102 0.4111457 0.3877480 0.3931224 0.4257719 0.3874800 0.3794540 0.3891549 0.4194239 0.3859543 0.3960103 0.3540208 0.3746563 0.0566837 0.0627572 0.0450964 0.0346349 0.3978022 0.4477127 0.8863717 0.3742591 0.3836891 0.3854839 0.3782750 0.3976556 0.4050350 0.3977517 0.3935777 0.4026318 0.3783971 0.4048710 0.4075690 0.2733520 0.3914304 0.4065015 0.4249595 -0.1572994 -0.1619598 -0.1527758 -0.1539979 -0.1477947 -0.1530877 -0.1499827 -0.1665128 -0.1662963 -0.1609427 -0.1594749 0.0051301 -0.1587765 -0.1585047 -0.1572852 -0.1581714 -0.1616390 -0.1628839 -0.1634411 -0.1579181 -0.1590434 -0.1577894 -0.1588964 -0.1523120 -0.1575942 -0.1581322 -0.1587662 -0.1636642 -0.1632544 -0.1634815 -0.1645513 -0.9704602 -0.9831850 -0.9828838 -0.9850904 -0.9836597 -0.9834539 0.3701694 0.0267893 0.3893243 0.3881693 -0.1617297 -0.9587309 0.3737443 0.3653517 0.4150886 -0.1541364
-0.9587859 -0.9567547 -0.9585505 0.3824979 0.4082097 0.3785634 0.0163863 -0.1294732 0.0330101 0.3451926 0.3852396 0.3829023 0.3626397 0.3682713 0.3957931 0.3637038 0.3557484 0.3648540 0.3914099 0.3614648 0.3707410 0.3348441 0.3512436 0.0559432 0.0584416 0.0444465 0.0355641 0.3731475 0.4135185 0.3742591 0.8269797 0.3599226 0.3611324 0.3540999 0.3709669 0.3754995 0.3737243 0.3690975 0.3752750 0.3545760 0.3784920 0.3811633 0.2555340 0.3677152 0.3785005 0.3936490 -0.1469971 -0.1496290 -0.1447619 -0.1459586 -0.1366113 -0.1420977 -0.1397413 -0.1530945 -0.1544419 -0.1514618 -0.1500891 0.0100181 -0.1465388 -0.1449212 -0.1441642 -0.1468892 -0.1483203 -0.1493294 -0.1491715 -0.1451606 -0.1467360 -0.1453388 -0.1458687 -0.1425201 -0.1443373 -0.1446631 -0.1453326 -0.1492079 -0.1480874 -0.1504520 -0.1513752 -0.9423994 -0.9554524 -0.9548565 -0.9574900 -0.9558420 -0.9554639 0.3465641 0.0285453 0.3640949 0.3645744 -0.1463534 -0.9308850 0.3501983 0.3440855 0.3841401 -0.1422396
-0.9841785 -0.9822711 -0.9842125 0.3962682 0.4194425 0.3896989 0.0163971 -0.1311118 0.0339425 0.3539650 0.3956594 0.3937860 0.3754114 0.3802445 0.4093654 0.3730915 0.3665099 0.3763315 0.4037626 0.3723712 0.3798692 0.3439662 0.3623039 0.0560599 0.0613370 0.0441132 0.0349515 0.3825658 0.4271214 0.3836891 0.3599226 0.8375374 0.3721636 0.3638763 0.3825062 0.3901559 0.3846594 0.3791585 0.3847891 0.3648432 0.3908505 0.3902120 0.2629248 0.3780395 0.3901670 0.4045086 -0.1501151 -0.1532209 -0.1463333 -0.1481871 -0.1395504 -0.1450648 -0.1422606 -0.1566239 -0.1572412 -0.1534477 -0.1518236 0.0089626 -0.1502263 -0.1487253 -0.1484234 -0.1501147 -0.1530007 -0.1528215 -0.1530454 -0.1495266 -0.1509757 -0.1491659 -0.1494887 -0.1461907 -0.1485713 -0.1486966 -0.1494552 -0.1534452 -0.1531081 -0.1544030 -0.1545494 -0.9677196 -0.9806623 -0.9802831 -0.9833124 -0.9816718 -0.9809905 0.3569963 0.0296184 0.3751257 0.3745553 -0.1510486 -0.9557409 0.3597821 0.3543191 0.3977661 -0.1448139
-0.9877517 -0.9858977 -0.9877258 0.3977515 0.4214748 0.3918871 0.0166949 -0.1321250 0.0338448 0.3546771 0.3998964 0.3963301 0.3748036 0.3820941 0.4115879 0.3746491 0.3683551 0.3773448 0.4050218 0.3737415 0.3818872 0.3436811 0.3636803 0.0573695 0.0618609 0.0463536 0.0365078 0.3854683 0.4264564 0.3854839 0.3611324 0.3721636 0.8488551 0.3673439 0.3839146 0.3893901 0.3855514 0.3805559 0.3863264 0.3657714 0.3921782 0.3937791 0.2627529 0.3788139 0.3915039 0.4078451 -0.1508767 -0.1545966 -0.1463247 -0.1476495 -0.1401771 -0.1458964 -0.1430233 -0.1573179 -0.1574750 -0.1528309 -0.1518795 0.0090928 -0.1503474 -0.1494616 -0.1485492 -0.1500256 -0.1534377 -0.1541097 -0.1534425 -0.1499242 -0.1517811 -0.1495984 -0.1499887 -0.1462167 -0.1493665 -0.1493166 -0.1500995 -0.1538812 -0.1540479 -0.1548143 -0.1556166 -0.9709094 -0.9841965 -0.9837692 -0.9863533 -0.9849128 -0.9845153 0.3582356 0.0291101 0.3765841 0.3756610 -0.1519877 -0.9591439 0.3603845 0.3551715 0.3981684 -0.1457512
-0.9848765 -0.9831569 -0.9849484 0.3893779 0.4134050 0.3841145 0.0163791 -0.1277794 0.0336292 0.3500532 0.3894414 0.3870395 0.3697934 0.3766806 0.4041374 0.3691463 0.3617348 0.3709074 0.3939570 0.3670539 0.3747967 0.3387195 0.3562879 0.0570215 0.0614450 0.0451271 0.0356908 0.3795080 0.4201069 0.3782750 0.3540999 0.3638763 0.3673439 0.8354486 0.3767982 0.3817284 0.3776548 0.3731749 0.3794455 0.3588944 0.3836142 0.3883012 0.2595333 0.3722413 0.3845433 0.4008689 -0.1456272 -0.1489997 -0.1429122 -0.1444052 -0.1350702 -0.1407450 -0.1388312 -0.1529141 -0.1548432 -0.1516228 -0.1501922 0.0091533 -0.1466768 -0.1456289 -0.1446308 -0.1462726 -0.1487296 -0.1499845 -0.1490977 -0.1461411 -0.1465653 -0.1449005 -0.1457033 -0.1421590 -0.1450907 -0.1456535 -0.1454013 -0.1495660 -0.1490100 -0.1509025 -0.1514983 -0.9685174 -0.9820502 -0.9811579 -0.9838464 -0.9822243 -0.9816811 0.3526189 0.0294429 0.3691584 0.3691791 -0.1473423 -0.9563349 0.3543410 0.3492712 0.3913812 -0.1415387
-0.9882257 -0.9865007 -0.9887509 0.4091151 0.4393567 0.4033697 0.0135794 -0.1361218 0.0325927 0.3655332 0.4102849 0.4079593 0.3859403 0.3926219 0.4236659 0.3861441 0.3784449 0.3881563 0.4185122 0.3836532 0.3958275 0.3530499 0.3735913 0.0574015 0.0618804 0.0449939 0.0353176 0.3958817 0.4422546 0.3976556 0.3709669 0.3825062 0.3839146 0.3767982 0.8739364 0.4026147 0.3970904 0.3914153 0.3978140 0.3748239 0.4038123 0.4061356 0.2737526 0.3922692 0.4077893 0.4189334 -0.1571473 -0.1614885 -0.1522921 -0.1540494 -0.1449562 -0.1507943 -0.1479823 -0.1640714 -0.1652377 -0.1586181 -0.1573784 0.0050147 -0.1572573 -0.1562345 -0.1558418 -0.1572289 -0.1603857 -0.1616845 -0.1609495 -0.1578182 -0.1582990 -0.1557863 -0.1565876 -0.1527333 -0.1558226 -0.1554040 -0.1566701 -0.1617892 -0.1618141 -0.1624474 -0.1628263 -0.9719192 -0.9854550 -0.9848520 -0.9873442 -0.9857387 -0.9856110 0.3676333 0.0270336 0.3875250 0.3853836 -0.1598350 -0.9601952 0.3724783 0.3637922 0.4108424 -0.1526128
-0.9901423 -0.9884371 -0.9903505 0.4135870 0.4475500 0.4101949 0.0132083 -0.1399173 0.0321671 0.3709204 0.4217800 0.4138908 0.3906662 0.4000006 0.4313638 0.3945732 0.3856728 0.3953020 0.4255314 0.3907106 0.4012885 0.3591694 0.3802614 0.0569934 0.0625858 0.0449060 0.0354909 0.4032863 0.4547975 0.4050350 0.3754995 0.3901559 0.3893901 0.3817284 0.4026147 0.8925896 0.4056731 0.3992305 0.4031400 0.3815267 0.4124475 0.4118291 0.2795219 0.3956332 0.4109293 0.4292078 -0.1607675 -0.1659420 -0.1545845 -0.1590480 -0.1489669 -0.1562764 -0.1525820 -0.1678798 -0.1691547 -0.1630592 -0.1608261 0.0045718 -0.1612919 -0.1607264 -0.1604303 -0.1610905 -0.1649148 -0.1660987 -0.1651563 -0.1613258 -0.1623038 -0.1599753 -0.1612510 -0.1569652 -0.1595681 -0.1604535 -0.1610546 -0.1660728 -0.1668597 -0.1668667 -0.1670772 -0.9740285 -0.9875420 -0.9868379 -0.9891910 -0.9878837 -0.9874259 0.3740010 0.0258839 0.3956588 0.3938793 -0.1646395 -0.9624284 0.3789516 0.3708763 0.4207959 -0.1552226
-0.9899722 -0.9877546 -0.9898062 0.4117702 0.4406163 0.4073143 0.0134309 -0.1364183 0.0318059 0.3673183 0.4136656 0.4094542 0.3884736 0.3947748 0.4233981 0.3882171 0.3803044 0.3897081 0.4168297 0.3864916 0.3963017 0.3552867 0.3758895 0.0572577 0.0621839 0.0445624 0.0357036 0.3972096 0.4471330 0.3977517 0.3737243 0.3846594 0.3855514 0.3776548 0.3970904 0.4056731 0.8824411 0.3936801 0.4011409 0.3766140 0.4066182 0.4098869 0.2741142 0.3911475 0.4049259 0.4238634 -0.1573002 -0.1613344 -0.1527126 -0.1549727 -0.1458478 -0.1525123 -0.1492790 -0.1654912 -0.1665979 -0.1617826 -0.1605590 0.0052408 -0.1590953 -0.1577456 -0.1569555 -0.1575505 -0.1610668 -0.1625597 -0.1618581 -0.1578494 -0.1586430 -0.1559578 -0.1572100 -0.1526194 -0.1569247 -0.1575545 -0.1583475 -0.1628141 -0.1626779 -0.1633336 -0.1643094 -0.9733514 -0.9864909 -0.9859706 -0.9883936 -0.9869124 -0.9867023 0.3698258 0.0258300 0.3895960 0.3883272 -0.1613957 -0.9617807 0.3745547 0.3667475 0.4132593 -0.1530453
-0.9884998 -0.9864497 -0.9880406 0.4036255 0.4330814 0.4002362 0.0143531 -0.1356997 0.0334579 0.3622177 0.4079691 0.4012730 0.3824128 0.3899118 0.4192238 0.3824359 0.3737458 0.3835845 0.4126007 0.3803430 0.3894973 0.3507861 0.3703630 0.0567207 0.0607873 0.0452187 0.0356550 0.3923254 0.4375788 0.3935777 0.3690975 0.3791585 0.3805559 0.3731749 0.3914153 0.3992305 0.3936801 0.8464255 0.3953102 0.3726539 0.4007206 0.4017483 0.2704529 0.3871762 0.4000956 0.4164390 -0.1550046 -0.1587620 -0.1503779 -0.1533718 -0.1442130 -0.1502360 -0.1469300 -0.1615712 -0.1621359 -0.1573093 -0.1556528 0.0069237 -0.1545369 -0.1541272 -0.1531800 -0.1536498 -0.1577475 -0.1588486 -0.1586423 -0.1546463 -0.1553517 -0.1534838 -0.1542487 -0.1504602 -0.1532558 -0.1534654 -0.1544609 -0.1585552 -0.1586053 -0.1592175 -0.1604825 -0.9713822 -0.9846612 -0.9841006 -0.9866093 -0.9850619 -0.9851421 0.3637384 0.0281021 0.3840826 0.3817095 -0.1567594 -0.9597456 0.3680391 0.3609653 0.4073746 -0.1508625
-0.9893513 -0.9872707 -0.9891835 0.4102256 0.4423558 0.4063552 0.0132709 -0.1382484 0.0323209 0.3676136 0.4140066 0.4114787 0.3877507 0.3962458 0.4262760 0.3895484 0.3805798 0.3905268 0.4196886 0.3868153 0.3975749 0.3567839 0.3772202 0.0569856 0.0614102 0.0448803 0.0356232 0.4001065 0.4486260 0.4026318 0.3752750 0.3847891 0.3863264 0.3794455 0.3978140 0.4031400 0.4011409 0.3953102 0.8815402 0.3798209 0.4077170 0.4121476 0.2746193 0.3942147 0.4080599 0.4244539 -0.1585707 -0.1626061 -0.1547110 -0.1560865 -0.1481160 -0.1547331 -0.1509772 -0.1657653 -0.1665139 -0.1600875 -0.1589866 0.0049346 -0.1589017 -0.1574841 -0.1576515 -0.1589888 -0.1614393 -0.1627278 -0.1622841 -0.1579122 -0.1587926 -0.1568491 -0.1580623 -0.1533374 -0.1571356 -0.1583232 -0.1589963 -0.1638127 -0.1634226 -0.1643267 -0.1650764 -0.9726321 -0.9856585 -0.9852409 -0.9877677 -0.9863324 -0.9859897 0.3695032 0.0259671 0.3905576 0.3894956 -0.1618009 -0.9610581 0.3742127 0.3673803 0.4135992 -0.1534719
-0.9850712 -0.9831695 -0.9852376 0.3873202 0.4131607 0.3831956 0.0171275 -0.1275387 0.0345677 0.3490643 0.3888220 0.3861202 0.3684549 0.3746440 0.4023101 0.3666021 0.3609210 0.3708914 0.3939112 0.3668438 0.3755372 0.3377971 0.3574079 0.0554305 0.0606378 0.0462258 0.0370520 0.3781630 0.4183294 0.3783971 0.3545760 0.3648432 0.3657714 0.3588944 0.3748239 0.3815267 0.3766140 0.3726539 0.3798209 0.8252998 0.3843466 0.3860909 0.2577137 0.3709897 0.3829152 0.4011206 -0.1461977 -0.1494742 -0.1432699 -0.1451543 -0.1356956 -0.1406992 -0.1381800 -0.1523793 -0.1524985 -0.1490712 -0.1475441 0.0103068 -0.1464773 -0.1449528 -0.1440721 -0.1458718 -0.1488575 -0.1492395 -0.1487572 -0.1455240 -0.1467465 -0.1453118 -0.1455704 -0.1414940 -0.1442777 -0.1444641 -0.1453981 -0.1490279 -0.1481287 -0.1495944 -0.1505603 -0.9685967 -0.9816725 -0.9812900 -0.9840626 -0.9823186 -0.9818782 0.3510578 0.0294883 0.3691575 0.3688979 -0.1466488 -0.9566509 0.3551837 0.3478793 0.3891342 -0.1413637
-0.9908594 -0.9889870 -0.9906549 0.4162541 0.4501927 0.4112927 0.0127265 -0.1402094 0.0328528 0.3734529 0.4208126 0.4168441 0.3937138 0.4020359 0.4333138 0.3954898 0.3855482 0.3962975 0.4276487 0.3916495 0.4022798 0.3596993 0.3801155 0.0591131 0.0643999 0.0456660 0.0347149 0.4053590 0.4559484 0.4048710 0.3784920 0.3908505 0.3921782 0.3836142 0.4038123 0.4124475 0.4066182 0.4007206 0.4077170 0.3843466 0.8925535 0.4141212 0.2800635 0.3988556 0.4128697 0.4287649 -0.1617797 -0.1660305 -0.1570538 -0.1586379 -0.1512451 -0.1567286 -0.1543106 -0.1698001 -0.1702557 -0.1634070 -0.1627497 0.0051215 -0.1617111 -0.1606675 -0.1608503 -0.1616424 -0.1651365 -0.1668645 -0.1652514 -0.1619717 -0.1626480 -0.1602361 -0.1617439 -0.1563023 -0.1604388 -0.1606971 -0.1613145 -0.1664808 -0.1672109 -0.1672644 -0.1677570 -0.9746316 -0.9873106 -0.9868783 -0.9897236 -0.9881628 -0.9877222 0.3755463 0.0264743 0.3967967 0.3937444 -0.1653303 -0.9627401 0.3799073 0.3709338 0.4193937 -0.1567535
